all exps
(5, 3, 0, 6, 1, 0, 2, 0): 1
(1, 0, 0, 0, 1, 0, 0, 0): 19
(0, 0, 0, 0, 1, 0, 0, 0): 78
(4, 0, 0, 1, 0, 0, 0, 0): 5
(3, 0, 0, 2, 3, 0, 0, 1): 1
(0, 0, 1, 2, 0, 0, 1, 0): 1
(1, 0, 0, 1, 1, 0, 0, 2): 1
(0, 1, 0, 1, 1, 0, 0, 1): 2
(1, 0, 0, 0, 2, 0, 0, 0): 1
(1, 1, 0, 2, 2, 0, 0, 1): 1
(6, 0, 1, 0, 0, 0, 1, 0): 1
(0, 0, 0, 0, 0, 1, 0, 0): 2
(2, 0, 0, 1, 1, 0, 0, 0): 3
(0, 0, 0, 2, 0, 0, 0, 1): 9
(8, 2, 0, 4, 0, 0, 1, 1): 1
(1, 1, 0, 1, 1, 0, 0, 0): 2
(7, 0, 0, 2, 0, 0, 0, 0): 7
(0, 0, 1, 3, 1, 0, 0, 3): 1
(7, 0, 0, 3, 0, 0, 0, 1): 2
(7, 0, 0, 0, 0, 0, 0, 0): 2
(2, 1, 0, 2, 1, 0, 0, 1): 3
(0, 0, 0, 0, 1, 0, 0, 1): 4
(4, 0, 0, 1, 3, 0, 0, 0): 3
(1, 0, 1, 0, 0, 0, 0, 1): 1
(8, 0, 0, 3, 0, 0, 0, 1): 2
(0, 0, 0, 0, 3, 0, 0, 0): 2
(2, 0, 0, 1, 0, 0, 0, 1): 15
(0, 0, 1, 3, 0, 0, 0, 3): 1
(6, 1, 0, 2, 0, 0, 0, 0): 2
(7, 2, 1, 6, 1, 0, 0, 2): 1
(1, 0, 0, 1, 0, 0, 1, 0): 1
(0, 0, 0, 2, 0, 0, 0, 0): 2
(6, 0, 0, 1, 0, 0, 0, 1): 2
(0, 2, 0, 0, 0, 0, 0, 0): 3
(3, 0, 0, 4, 2, 0, 0, 0): 3
(6, 0, 0, 0, 0, 0, 0, 0): 1
(0, 0, 2, 3, 0, 0, 0, 0): 1
(7, 1, 1, 8, 1, 0, 0, 1): 1
(1, 0, 1, 1, 0, 0, 0, 1): 1
(0, 1, 0, 0, 0, 0, 0, 0): 25
(2, 0, 0, 0, 0, 0, 0, 0): 61
(5, 0, 1, 0, 0, 0, 1, 0): 1
(1, 0, 0, 1, 3, 0, 0, 1): 1
(0, 1, 0, 1, 0, 0, 0, 1): 5
(0, 1, 0, 2, 1, 0, 2, 1): 1
(2, 0, 0, 3, 1, 0, 0, 0): 5
(2, 0, 0, 0, 1, 0, 0, 0): 12
(1, 0, 0, 2, 0, 0, 0, 0): 1
(7, 1, 0, 3, 0, 0, 0, 1): 1
(8, 0, 0, 1, 0, 0, 0, 0): 3
(0, 0, 1, 0, 0, 0, 1, 0): 5
(0, 0, 0, 1, 2, 0, 0, 1): 1
(0, 0, 1, 5, 1, 0, 0, 3): 1
(0, 0, 0, 1, 0, 0, 0, 0): 367
(10, 0, 2, 6, 1, 0, 0, 1): 1
(0, 0, 0, 0, 0, 0, 0, 1): 80
(0, 0, 0, 0, 0, 0, 0, 2): 1
(0, 1, 0, 1, 1, 0, 1, 1): 1
(6, 2, 1, 6, 2, 0, 0, 0): 3
(0, 0, 2, 2, 0, 0, 0, 0): 3
(8, 0, 0, 2, 1, 0, 0, 0): 1
(5, 1, 1, 6, 0, 0, 0, 0): 3
(0, 1, 0, 1, 0, 0, 0, 0): 10
(0, 0, 1, 0, 1, 0, 1, 0): 3
(5, 0, 0, 1, 0, 0, 0, 0): 1
(1, 0, 1, 3, 0, 0, 0, 0): 1
(1, 0, 0, 1, 1, 0, 0, 1): 4
(6, 2, 0, 6, 1, 0, 2, 0): 1
(4, 1, 0, 6, 1, 0, 1, 0): 1
(9, 0, 2, 6, 2, 0, 0, 1): 2
(5, 1, 0, 5, 0, 2, 2, 0): 3
(6, 0, 0, 0, 1, 0, 0, 1): 1
(4, 2, 0, 1, 0, 0, 0, 0): 2
(2, 0, 0, 4, 0, 0, 0, 1): 1
(0, 0, 0, 1, 0, 0, 0, 1): 123
(8, 3, 0, 6, 2, 0, 0, 0): 1
(6, 0, 1, 7, 0, 0, 0, 0): 3
(8, 1, 1, 6, 1, 0, 0, 2): 1
(4, 0, 0, 3, 1, 0, 0, 0): 3
(1, 0, 0, 1, 2, 0, 0, 1): 1
(7, 0, 2, 7, 0, 0, 1, 1): 3
(1, 0, 0, 0, 0, 0, 0, 0): 166
(3, 0, 0, 2, 0, 0, 0, 0): 3
(2, 0, 0, 1, 2, 0, 0, 2): 1
(4, 0, 0, 1, 1, 0, 0, 2): 3
(4, 1, 0, 2, 0, 0, 0, 0): 1
(8, 0, 0, 0, 0, 0, 0, 0): 1
(0, 0, 1, 2, 0, 0, 0, 0): 6
(9, 0, 2, 6, 2, 0, 0, 0): 3
(5, 0, 0, 0, 0, 0, 0, 0): 10
(4, 0, 0, 0, 1, 0, 0, 0): 6
(1, 0, 0, 1, 1, 1, 0, 1): 1
(9, 0, 1, 6, 1, 0, 0, 2): 1
(2, 0, 0, 2, 0, 0, 0, 0): 3
(1, 0, 0, 1, 0, 0, 0, 1): 8
(6, 0, 0, 6, 1, 0, 2, 0): 1
(2, 0, 0, 1, 0, 0, 0, 0): 25
(0, 0, 0, 0, 2, 0, 0, 0): 7
(0, 0, 1, 3, 0, 0, 0, 4): 1
(2, 0, 0, 0, 0, 0, 0, 1): 3
(9, 0, 2, 8, 0, 0, 1, 4): 3
(4, 0, 0, 1, 0, 0, 0, 2): 1
(4, 0, 0, 4, 2, 0, 0, 0): 3
(3, 0, 0, 0, 1, 0, 0, 0): 5
(9, 3, 0, 5, 0, 0, 0, 1): 3
(0, 0, 0, 1, 1, 0, 0, 1): 11
(1, 0, 0, 1, 1, 0, 0, 0): 12
(1, 1, 0, 1, 0, 0, 0, 0): 2
(5, 0, 0, 1, 0, 0, 0, 1): 3
(4, 0, 0, 1, 1, 0, 0, 1): 3
(0, 1, 0, 0, 1, 0, 0, 0): 7
(7, 2, 0, 6, 0, 0, 0, 0): 3
(0, 0, 1, 0, 0, 0, 0, 0): 2
(1, 0, 0, 0, 0, 0, 0, 1): 3
(2, 0, 0, 3, 0, 0, 0, 1): 1
(1, 0, 0, 1, 0, 0, 0, 0): 71
(1, 1, 0, 1, 1, 1, 0, 0): 2
(0, 0, 1, 5, 1, 0, 0, 5): 1
(0, 0, 0, 1, 0, 0, 1, 1): 2
(0, 0, 0, 1, 0, 0, 0, 2): 4
(5, 2, 0, 6, 0, 0, 0, 0): 3
(6, 1, 0, 4, 0, 2, 0, 0): 1
(4, 0, 0, 2, 0, 0, 0, 0): 4
(0, 0, 1, 3, 1, 0, 0, 4): 1
(3, 0, 0, 1, 0, 0, 0, 1): 1
(1, 1, 0, 1, 0, 0, 0, 1): 1
(6, 2, 0, 7, 0, 0, 2, 0): 1
(6, 1, 0, 5, 0, 1, 0, 0): 2
(0, 1, 1, 2, 0, 0, 0, 0): 3
(0, 0, 1, 1, 0, 0, 0, 1): 2
(3, 0, 0, 1, 0, 0, 0, 0): 6
(6, 0, 0, 7, 0, 0, 2, 0): 2
(4, 0, 1, 0, 0, 0, 1, 0): 1
(5, 1, 0, 4, 0, 0, 0, 0): 2
(3, 0, 0, 3, 1, 0, 0, 4): 3
(2, 0, 0, 1, 2, 0, 0, 1): 1
(8, 3, 0, 8, 0, 0, 0, 0): 2
(3, 0, 0, 0, 0, 0, 0, 0): 11
(8, 2, 0, 5, 0, 0, 0, 1): 2
(9, 3, 0, 5, 1, 0, 0, 1): 3
(10, 0, 2, 10, 1, 0, 0, 4): 3
(5, 1, 0, 3, 1, 0, 0, 0): 1
(10, 0, 0, 1, 1, 0, 0, 1): 1
(0, 0, 1, 3, 0, 0, 0, 0): 3
(8, 0, 1, 7, 2, 0, 0, 1): 2
(0, 0, 1, 0, 0, 0, 0, 1): 1
(2, 0, 0, 1, 1, 0, 0, 1): 13
(0, 0, 1, 1, 0, 0, 0, 0): 14
(0, 0, 1, 3, 0, 0, 0, 1): 1
(10, 0, 2, 10, 3, 0, 1, 2): 3
(2, 0, 1, 2, 0, 0, 0, 0): 2
(0, 0, 0, 0, 0, 0, 1, 0): 3
(1, 0, 0, 1, 0, 0, 0, 2): 1
(0, 1, 0, 1, 1, 0, 0, 0): 1
(3, 0, 0, 1, 1, 0, 0, 2): 1
(5, 1, 0, 7, 0, 0, 0, 0): 2
(1, 0, 0, 2, 0, 0, 0, 1): 3
(3, 0, 0, 1, 1, 0, 0, 1): 1
(4, 0, 0, 0, 0, 0, 0, 0): 6
(11, 0, 2, 7, 3, 0, 0, 2): 3
(0, 0, 0, 1, 1, 0, 0, 2): 1
(6, 2, 0, 5, 0, 0, 0, 0): 3
total number of revisions: 1450
not only expression: 864
with sth added: 1273
with sth removed: 593
more than one change: 727
removal and addition: 416
total number of changes: 4267
added reactions: 1686
added transport: 163
added complex formation: 120
added expression: 1455
removed reactions: 333
removed transport: 15
removed complex formation 50
removed expression: 445




only two-factor
(0, 1, 0, 2, 1, 0, 0, 2): 1
(1, 0, 0, 0, 1, 0, 0, 0): 21
(0, 0, 0, 0, 1, 0, 0, 0): 84
(0, 0, 1, 2, 1, 0, 0, 1): 1
(4, 0, 0, 0, 0, 0, 0, 0): 7
(3, 0, 0, 1, 1, 0, 0, 1): 2
(0, 1, 0, 1, 1, 0, 0, 1): 1
(1, 1, 1, 3, 1, 0, 0, 0): 3
(6, 0, 1, 0, 0, 0, 1, 0): 1
(2, 0, 0, 0, 0, 0, 0, 1): 1
(4, 0, 0, 3, 1, 0, 0, 0): 3
(0, 0, 0, 2, 0, 0, 0, 1): 7
(4, 1, 0, 7, 1, 0, 0, 0): 1
(1, 1, 0, 1, 1, 0, 0, 0): 1
(0, 0, 0, 1, 0, 0, 0, 2): 5
(3, 0, 0, 1, 2, 0, 0, 0): 1
(3, 0, 0, 1, 0, 0, 0, 1): 5
(4, 0, 0, 1, 0, 0, 0, 1): 1
(1, 1, 1, 2, 1, 0, 0, 1): 1
(4, 0, 0, 0, 1, 0, 0, 1): 1
(4, 0, 0, 1, 3, 0, 0, 0): 3
(1, 0, 0, 0, 3, 0, 0, 0): 1
(0, 0, 0, 0, 3, 0, 0, 0): 1
(1, 0, 0, 0, 0, 0, 0, 1): 3
(2, 0, 1, 1, 0, 0, 0, 0): 1
(4, 0, 0, 1, 0, 0, 0, 0): 3
(1, 1, 1, 3, 1, 0, 0, 1): 2
(7, 2, 1, 6, 1, 0, 0, 2): 2
(0, 0, 0, 2, 1, 0, 0, 2): 1
(1, 1, 0, 1, 2, 0, 0, 0): 1
(5, 0, 0, 0, 0, 0, 0, 1): 1
(3, 0, 0, 4, 2, 0, 0, 0): 3
(0, 0, 0, 0, 0, 0, 0, 2): 5
(7, 1, 1, 8, 1, 0, 0, 1): 1
(3, 0, 0, 3, 0, 0, 0, 0): 4
(1, 0, 1, 0, 0, 0, 0, 0): 3
(0, 0, 0, 2, 0, 0, 0, 2): 5
(2, 0, 1, 3, 0, 0, 0, 0): 1
(1, 0, 0, 1, 1, 0, 0, 0): 2
(7, 1, 0, 3, 0, 0, 0, 1): 1
(6, 1, 0, 4, 0, 2, 0, 0): 3
(0, 0, 1, 0, 0, 0, 1, 0): 4
(0, 0, 0, 1, 2, 0, 0, 1): 1
(0, 0, 0, 1, 0, 0, 0, 0): 344
(0, 0, 0, 0, 0, 0, 0, 1): 104
(6, 0, 0, 0, 0, 0, 0, 0): 1
(7, 0, 0, 0, 0, 0, 0, 0): 3
(5, 1, 1, 6, 0, 0, 0, 0): 3
(0, 2, 0, 1, 2, 0, 0, 1): 1
(1, 0, 0, 1, 1, 0, 0, 1): 1
(6, 2, 0, 6, 1, 0, 2, 0): 1
(2, 0, 0, 1, 1, 0, 0, 1): 6
(9, 0, 2, 6, 2, 0, 0, 1): 1
(5, 1, 0, 5, 0, 2, 2, 0): 3
(6, 0, 0, 1, 1, 0, 0, 1): 1
(8, 0, 0, 0, 0, 0, 0, 0): 2
(4, 2, 0, 1, 0, 0, 0, 0): 1
(3, 0, 0, 0, 1, 0, 0, 0): 1
(0, 0, 0, 1, 0, 0, 0, 1): 94
(8, 3, 0, 6, 2, 0, 0, 0): 1
(6, 0, 1, 7, 0, 0, 0, 0): 3
(8, 1, 1, 6, 1, 0, 0, 2): 1
(0, 0, 1, 4, 0, 0, 0, 4): 1
(1, 0, 0, 1, 2, 0, 0, 1): 2
(7, 0, 2, 7, 0, 0, 1, 1): 3
(1, 0, 0, 0, 0, 0, 0, 0): 123
(3, 0, 0, 2, 0, 0, 0, 0): 2
(6, 2, 1, 6, 2, 0, 0, 0): 3
(8, 2, 0, 4, 0, 0, 1, 1): 3
(4, 1, 0, 2, 0, 0, 0, 0): 2
(7, 0, 1, 0, 0, 0, 1, 0): 1
(1, 0, 1, 2, 0, 0, 0, 0): 2
(0, 0, 1, 2, 0, 0, 0, 0): 6
(9, 0, 2, 6, 2, 0, 0, 0): 3
(6, 0, 0, 0, 1, 0, 0, 1): 1
(4, 0, 0, 0, 1, 0, 0, 0): 5
(5, 1, 0, 6, 0, 0, 1, 0): 1
(0, 1, 0, 0, 1, 0, 0, 1): 1
(7, 0, 0, 2, 0, 0, 0, 0): 9
(6, 0, 0, 6, 1, 0, 2, 0): 1
(2, 0, 0, 0, 2, 0, 0, 0): 2
(2, 0, 0, 1, 0, 0, 0, 0): 23
(0, 0, 0, 0, 2, 0, 0, 0): 10
(1, 0, 0, 1, 0, 0, 0, 1): 7
(9, 0, 2, 8, 0, 0, 1, 4): 3
(2, 0, 0, 0, 1, 0, 0, 0): 12
(4, 0, 0, 4, 2, 0, 0, 0): 3
(2, 0, 0, 3, 1, 0, 0, 0): 3
(0, 0, 1, 2, 0, 0, 0, 1): 2
(2, 0, 0, 1, 1, 1, 0, 0): 1
(9, 3, 0, 5, 0, 0, 0, 1): 3
(0, 0, 0, 1, 1, 0, 0, 1): 17
(0, 0, 1, 3, 0, 0, 0, 0): 7
(5, 0, 0, 1, 0, 0, 0, 2): 2
(0, 1, 0, 0, 1, 0, 0, 0): 4
(7, 2, 0, 6, 0, 0, 0, 0): 3
(0, 0, 1, 0, 1, 0, 1, 0): 4
(2, 0, 0, 1, 0, 0, 0, 1): 7
(7, 0, 0, 4, 0, 0, 0, 1): 1
(1, 0, 0, 1, 0, 0, 0, 0): 85
(1, 0, 0, 0, 2, 0, 0, 0): 2
(0, 0, 0, 0, 4, 0, 0, 0): 3
(6, 0, 0, 0, 1, 0, 0, 0): 1
(0, 0, 1, 2, 1, 0, 0, 2): 2
(8, 0, 0, 2, 1, 0, 0, 0): 3
(5, 2, 0, 6, 0, 0, 0, 0): 3
(5, 0, 0, 1, 1, 0, 0, 0): 1
(0, 0, 1, 2, 0, 0, 0, 2): 2
(2, 0, 0, 2, 0, 0, 0, 1): 6
(4, 0, 0, 2, 0, 0, 0, 0): 3
(8, 0, 0, 1, 0, 0, 0, 0): 3
(0, 0, 1, 0, 0, 0, 0, 0): 12
(5, 1, 0, 4, 0, 0, 0, 0): 1
(0, 0, 1, 1, 0, 0, 0, 1): 11
(3, 0, 0, 1, 0, 0, 0, 0): 14
(6, 0, 0, 7, 0, 0, 2, 0): 2
(1, 1, 1, 2, 1, 0, 0, 0): 3
(1, 0, 0, 0, 0, 0, 0, 2): 2
(4, 0, 1, 0, 0, 0, 1, 0): 1
(2, 0, 0, 1, 1, 0, 0, 0): 1
(8, 0, 1, 9, 0, 0, 0, 1): 1
(3, 0, 0, 2, 2, 0, 0, 1): 1
(11, 0, 2, 7, 3, 0, 0, 2): 3
(3, 0, 0, 0, 0, 0, 0, 0): 14
(6, 2, 0, 7, 0, 0, 2, 0): 2
(9, 3, 0, 5, 1, 0, 0, 1): 3
(10, 0, 2, 10, 1, 0, 0, 4): 3
(5, 1, 0, 3, 1, 0, 0, 0): 2
(0, 0, 1, 3, 0, 0, 0, 2): 1
(2, 0, 0, 0, 0, 0, 0, 0): 44
(8, 0, 1, 7, 2, 0, 0, 1): 1
(8, 0, 0, 3, 0, 0, 0, 1): 1
(4, 1, 0, 6, 1, 0, 1, 0): 1
(0, 0, 1, 1, 0, 0, 0, 0): 25
(10, 0, 2, 10, 3, 0, 1, 2): 3
(6, 0, 0, 1, 0, 0, 0, 2): 1
(1, 0, 0, 1, 0, 0, 0, 2): 1
(0, 1, 0, 1, 1, 0, 0, 0): 1
(4, 0, 0, 3, 0, 0, 0, 0): 1
(3, 0, 0, 0, 0, 0, 0, 1): 2
(10, 0, 2, 6, 1, 0, 0, 1): 2
(2, 0, 0, 2, 0, 0, 0, 0): 1
(8, 3, 0, 8, 0, 0, 0, 0): 2
(4, 0, 0, 1, 1, 0, 0, 2): 3
(6, 2, 0, 5, 0, 0, 0, 0): 3
(1, 1, 0, 0, 1, 0, 0, 0): 2
total number of revisions: 1340
not only expression: 776
with sth added: 1133
with sth removed: 576
more than one change: 673
removal and addition: 369
total number of changes: 4020
added reactions: 1560
added transport: 112
added complex formation: 154
added expression: 1385
removed reactions: 333
removed transport: 13
removed complex formation 43
removed expression: 420





new results err0:
removed_growth: 1
removed_growth: 1
removed_growth: 1
(1, 0, 0, 0, 1, 0, 0, 0): 94
(0, 0, 0, 0, 1, 0, 0, 0): 271
(4, 0, 1, 6, 1, 0, 0, 0): 2
(5, 0, 1, 9, 1, 0, 0, 0): 2
(1, 0, 0, 1, 1, 0, 0, 2): 2
(3, 3, 0, 2, 0, 2, 2, 1): 2
(7, 0, 0, 6, 2, 0, 0, 2): 3
(2, 0, 0, 1, 1, 0, 0, 0): 3
(5, 0, 0, 0, 0, 0, 0, 0): 1
(5, 0, 0, 4, 0, 0, 1, 0): 3
(6, 2, 0, 3, 1, 0, 0, 0): 3
(5, 0, 0, 2, 0, 0, 0, 0): 9
(4, 0, 0, 1, 0, 0, 0, 1): 2
(8, 0, 0, 4, 3, 0, 1, 0): 6
(1, 0, 1, 1, 0, 0, 0, 0): 13
(0, 0, 1, 0, 1, 0, 1, 0): 6
(2, 0, 0, 2, 0, 0, 0, 3): 1
(2, 0, 0, 1, 2, 0, 0, 2): 1
(1, 0, 0, 0, 0, 0, 0, 1): 29
(4, 0, 0, 4, 1, 0, 0, 1): 9
(1, 0, 1, 2, 0, 0, 0, 2): 1
(1, 0, 1, 2, 0, 0, 0, 3): 3
(9, 1, 1, 8, 2, 0, 0, 0): 2
(0, 0, 0, 1, 2, 0, 0, 0): 3
(1, 0, 1, 2, 1, 0, 0, 1): 5
(4, 2, 0, 7, 0, 0, 0, 0): 9
(0, 0, 0, 1, 0, 1, 0, 0): 2
(2, 0, 1, 3, 1, 0, 0, 2): 1
(4, 0, 1, 5, 2, 0, 0, 0): 1
(8, 1, 1, 10, 1, 0, 0, 0): 2
(4, 1, 0, 5, 0, 0, 0, 0): 1
(2, 0, 0, 0, 2, 0, 0, 3): 1
(0, 0, 2, 2, 0, 0, 0, 1): 3
(5, 0, 0, 5, 0, 0, 0, 0): 4
(1, 0, 2, 3, 1, 0, 0, 3): 1
(0, 0, 0, 1, 1, 0, 0, 0): 9
(2, 0, 0, 3, 1, 0, 0, 0): 11
(2, 0, 0, 0, 1, 0, 0, 0): 17
(0, 0, 1, 2, 1, 0, 0, 0): 2
(5, 0, 1, 4, 0, 0, 0, 0): 1
(6, 1, 0, 3, 0, 0, 0, 1): 9
(0, 0, 0, 0, 4, 0, 0, 0): 1
(2, 0, 1, 2, 2, 0, 0, 2): 1
(0, 1, 0, 2, 1, 0, 0, 1): 1
(2, 0, 0, 0, 1, 0, 0, 1): 2
(2, 0, 2, 1, 0, 0, 1, 1): 1
(3, 0, 0, 3, 1, 0, 0, 0): 1
(1, 0, 1, 1, 0, 0, 0, 2): 1
(0, 1, 0, 0, 0, 0, 0, 1): 5
(0, 1, 0, 1, 0, 0, 0, 0): 10
(1, 0, 1, 3, 0, 0, 0, 0): 2
(1, 0, 1, 2, 0, 0, 0, 1): 4
(2, 0, 1, 2, 0, 0, 0, 1): 1
(3, 0, 0, 0, 1, 0, 0, 0): 3
(0, 0, 0, 1, 0, 0, 0, 1): 209
(0, 0, 0, 0, 0, 0, 0, 0): 3
(1, 0, 0, 1, 2, 0, 0, 1): 14
(0, 0, 0, 3, 0, 0, 1, 1): 1
(3, 0, 0, 2, 0, 0, 0, 0): 9
(4, 0, 0, 2, 1, 0, 0, 0): 9
(2, 0, 0, 3, 1, 0, 0, 2): 1
(8, 0, 0, 0, 0, 0, 0, 0): 2
(0, 0, 1, 2, 0, 0, 0, 0): 8
(1, 0, 0, 4, 1, 0, 0, 0): 4
(6, 0, 0, 6, 1, 0, 0, 0): 9
(0, 0, 0, 0, 1, 0, 1, 0): 1
(4, 2, 0, 2, 1, 2, 1, 1): 1
(4, 2, 0, 3, 1, 2, 0, 1): 1
(2, 0, 0, 2, 0, 0, 0, 0): 23
(0, 1, 0, 0, 1, 0, 0, 1): 1
(7, 0, 0, 8, 1, 0, 2, 2): 3
(0, 0, 1, 1, 1, 0, 0, 1): 9
(2, 0, 0, 2, 2, 0, 0, 0): 1
(3, 0, 1, 2, 1, 0, 0, 2): 3
(1, 0, 0, 0, 0, 0, 0, 0): 1750
(5, 0, 1, 8, 0, 0, 0, 0): 3
(3, 0, 0, 2, 1, 1, 0, 0): 6
(0, 0, 0, 1, 1, 0, 0, 1): 31
(0, 1, 1, 2, 0, 0, 0, 0): 1
(4, 0, 0, 1, 1, 0, 0, 1): 1
(6, 2, 1, 10, 0, 0, 0, 0): 2
(4, 2, 0, 7, 0, 0, 2, 0): 1
(5, 1, 0, 5, 0, 0, 0, 0): 6
(2, 0, 0, 1, 0, 0, 0, 1): 22
(6, 2, 1, 9, 1, 0, 0, 0): 2
(4, 0, 0, 1, 2, 0, 0, 0): 1
(2, 0, 0, 0, 0, 0, 0, 0): 69
(1, 0, 0, 0, 2, 0, 0, 0): 6
(1, 0, 0, 0, 1, 0, 0, 2): 1
(0, 0, 0, 1, 0, 0, 1, 1): 3
(1, 0, 1, 0, 0, 0, 1, 0): 5
(2, 0, 0, 2, 0, 0, 0, 2): 2
(0, 0, 1, 2, 0, 0, 0, 2): 4
(4, 3, 0, 4, 0, 0, 4, 0): 1
(1, 1, 0, 1, 0, 0, 0, 1): 1
(0, 0, 1, 0, 0, 0, 0, 0): 6
(0, 0, 2, 2, 0, 0, 0, 2): 2
(3, 0, 0, 4, 1, 0, 0, 0): 3
(0, 0, 1, 1, 0, 0, 0, 1): 36
(5, 0, 1, 7, 2, 0, 1, 0): 1
(4, 3, 0, 4, 0, 1, 1, 1): 1
(3, 0, 0, 3, 0, 0, 0, 0): 7
(1, 0, 1, 0, 1, 0, 0, 0): 3
(5, 0, 1, 8, 1, 0, 1, 0): 2
(5, 2, 0, 4, 2, 0, 0, 0): 2
(4, 3, 0, 5, 0, 0, 3, 0): 2
(0, 0, 0, 2, 1, 0, 0, 1): 1
(4, 2, 1, 4, 0, 0, 1, 0): 3
(3, 0, 0, 2, 1, 0, 0, 1): 1
(1, 0, 0, 0, 1, 0, 0, 1): 1
(0, 1, 1, 1, 0, 0, 0, 1): 4
(1, 0, 0, 2, 3, 0, 0, 2): 1
(2, 0, 0, 1, 0, 0, 0, 3): 1
(1, 0, 0, 2, 2, 0, 0, 2): 1
(1, 0, 0, 1, 0, 0, 0, 2): 8
(1, 0, 0, 1, 0, 0, 0, 0): 653
(5, 1, 0, 7, 0, 0, 0, 0): 1
(3, 0, 0, 0, 0, 0, 0, 1): 1
(9, 2, 0, 8, 1, 0, 1, 1): 3
(0, 0, 1, 3, 0, 0, 0, 2): 3
(4, 0, 0, 0, 0, 0, 0, 0): 9
(6, 1, 0, 3, 1, 0, 0, 0): 4
(8, 2, 0, 10, 1, 0, 0, 1): 4
(1, 1, 0, 1, 1, 0, 0, 1): 1
(3, 0, 1, 0, 0, 0, 1, 0): 1
(5, 0, 1, 10, 0, 0, 0, 0): 4
(1, 0, 0, 2, 0, 0, 0, 0): 4
(3, 0, 0, 1, 1, 0, 0, 1): 1
(0, 0, 0, 0, 0, 0, 1, 1): 1
(4, 0, 0, 4, 1, 0, 0, 0): 1
(1, 0, 1, 2, 0, 0, 0, 4): 1
(0, 0, 0, 0, 0, 1, 0, 0): 2
(0, 0, 0, 2, 0, 0, 0, 1): 16
(0, 0, 1, 0, 0, 0, 1, 1): 1
(0, 0, 0, 1, 0, 0, 0, 2): 4
(5, 2, 0, 3, 1, 0, 0, 0): 5
(3, 1, 1, 4, 0, 1, 2, 1): 4
(3, 0, 0, 1, 0, 0, 0, 1): 2
(7, 2, 0, 3, 1, 0, 0, 2): 3
(6, 2, 0, 4, 0, 0, 0, 0): 9
(0, 0, 0, 0, 1, 0, 0, 1): 19
(3, 0, 0, 0, 3, 0, 0, 0): 1
(0, 0, 0, 0, 3, 0, 0, 0): 2
(8, 2, 0, 9, 2, 0, 0, 1): 5
(3, 0, 0, 0, 0, 0, 0, 0): 11
(4, 0, 0, 0, 1, 0, 0, 0): 2
(0, 0, 1, 3, 0, 0, 0, 1): 1
(2, 0, 2, 6, 0, 0, 0, 1): 1
(4, 0, 0, 5, 2, 0, 0, 0): 1
(2, 0, 0, 4, 0, 0, 0, 0): 4
(3, 0, 0, 6, 2, 0, 0, 0): 5
(1, 0, 1, 2, 2, 0, 0, 2): 7
(3, 0, 0, 5, 2, 1, 0, 0): 4
(1, 0, 1, 1, 0, 0, 0, 1): 25
(0, 1, 0, 0, 0, 0, 0, 0): 88
(1, 0, 1, 0, 0, 0, 0, 0): 6
(0, 1, 0, 1, 0, 0, 0, 1): 1
(0, 0, 1, 2, 0, 0, 1, 2): 2
(7, 2, 1, 8, 1, 0, 0, 0): 2
(6, 2, 2, 10, 0, 0, 0, 2): 2
(2, 0, 1, 2, 0, 0, 0, 0): 2
(0, 0, 1, 0, 0, 0, 1, 0): 24
(1, 0, 1, 2, 1, 0, 0, 2): 8
(0, 0, 0, 1, 0, 0, 0, 0): 1211
(1, 0, 0, 1, 0, 1, 0, 0): 1
(0, 0, 0, 0, 0, 0, 0, 1): 232
(4, 2, 1, 3, 0, 0, 2, 0): 2
(0, 0, 1, 3, 0, 0, 1, 2): 1
(1, 0, 1, 3, 1, 0, 0, 0): 1
(4, 0, 0, 1, 1, 0, 0, 0): 1
(3, 0, 1, 4, 1, 0, 0, 0): 1
(5, 1, 0, 4, 1, 0, 0, 0): 3
(1, 0, 0, 1, 1, 0, 0, 1): 15
(3, 0, 1, 3, 0, 0, 0, 2): 3
(2, 0, 0, 1, 1, 0, 0, 1): 2
(4, 0, 0, 4, 2, 1, 0, 0): 1
(0, 1, 0, 2, 1, 0, 0, 0): 2
(2, 0, 1, 4, 2, 0, 0, 2): 1
(1, 0, 1, 1, 1, 0, 0, 1): 2
(1, 0, 0, 1, 2, 0, 0, 0): 1
(4, 0, 0, 5, 0, 0, 0, 0): 4
(0, 0, 1, 1, 1, 0, 0, 0): 1
(4, 0, 0, 3, 0, 0, 0, 0): 5
(1, 0, 1, 3, 2, 0, 0, 2): 1
(4, 0, 0, 4, 0, 0, 0, 0): 3
(1, 0, 1, 3, 0, 0, 0, 1): 5
(2, 0, 1, 1, 1, 0, 0, 2): 1
(1, 0, 1, 2, 0, 0, 0, 0): 5
(0, 0, 0, 2, 1, 0, 0, 2): 1
(2, 0, 0, 1, 0, 0, 0, 0): 14
(0, 1, 1, 2, 0, 0, 0, 1): 2
(1, 0, 0, 1, 0, 0, 0, 1): 132
(2, 0, 0, 0, 2, 0, 0, 0): 4
(6, 0, 0, 5, 0, 0, 0, 0): 3
(0, 0, 0, 0, 2, 0, 0, 0): 19
(0, 0, 0, 1, 0, 1, 0, 1): 1
(2, 0, 0, 0, 0, 0, 0, 1): 6
(3, 0, 1, 0, 1, 0, 1, 0): 1
(1, 0, 0, 2, 1, 0, 0, 0): 2
(1, 0, 1, 4, 0, 0, 0, 1): 2
(0, 0, 1, 2, 0, 0, 0, 1): 5
(7, 0, 0, 9, 0, 0, 2, 2): 3
(5, 1, 0, 6, 1, 0, 0, 0): 4
(5, 0, 0, 5, 1, 0, 0, 0): 9
(7, 2, 0, 4, 0, 0, 0, 2): 3
(9, 2, 0, 9, 0, 0, 1, 1): 6
(4, 2, 0, 4, 0, 2, 0, 1): 1
(4, 2, 0, 4, 0, 0, 1, 1): 1
(6, 1, 0, 4, 2, 0, 0, 0): 1
(4, 1, 0, 3, 0, 0, 2, 0): 5
(1, 0, 0, 1, 1, 0, 0, 0): 19
(0, 1, 0, 0, 1, 0, 0, 0): 2
(0, 0, 1, 1, 1, 0, 0, 2): 1
(1, 0, 0, 2, 0, 0, 0, 1): 4
(4, 3, 0, 4, 1, 0, 3, 0): 1
(5, 2, 0, 5, 0, 0, 1, 1): 1
(7, 2, 1, 9, 1, 0, 0, 2): 1
(4, 3, 0, 4, 1, 0, 1, 1): 1
(9, 1, 1, 9, 1, 0, 0, 0): 2
(1, 0, 0, 2, 1, 0, 0, 1): 3
(3, 0, 0, 2, 1, 0, 0, 0): 4
(4, 0, 0, 2, 0, 0, 0, 0): 8
(1, 0, 1, 2, 2, 0, 0, 3): 1
(4, 2, 0, 6, 0, 0, 3, 0): 1
(2, 0, 1, 3, 2, 0, 0, 2): 3
(2, 0, 0, 1, 1, 0, 0, 2): 1
(0, 1, 1, 1, 0, 0, 0, 0): 2
(3, 0, 0, 1, 0, 0, 0, 0): 22
(3, 0, 0, 4, 0, 0, 0, 0): 4
(5, 1, 0, 5, 2, 0, 0, 0): 1
(2, 0, 0, 1, 2, 0, 0, 1): 2
(2, 0, 1, 3, 0, 0, 0, 1): 2
(4, 0, 0, 1, 0, 0, 0, 0): 13
(4, 0, 0, 6, 1, 0, 0, 0): 1
(4, 0, 0, 0, 0, 0, 0, 1): 5
(7, 2, 0, 4, 1, 0, 0, 0): 3
(2, 0, 0, 2, 1, 0, 0, 1): 1
(0, 0, 1, 0, 0, 0, 0, 1): 1
(9, 2, 1, 4, 0, 0, 0, 2): 3
(0, 0, 1, 1, 0, 0, 0, 0): 34
(2, 0, 1, 1, 2, 0, 0, 1): 1
(4, 1, 0, 2, 0, 1, 2, 0): 4
(1, 0, 1, 3, 1, 0, 0, 3): 1
(3, 0, 0, 2, 2, 0, 0, 0): 7
(0, 1, 0, 1, 1, 0, 0, 0): 13
(1, 1, 0, 1, 0, 0, 0, 0): 1
(4, 2, 0, 2, 0, 2, 2, 1): 3
(0, 0, 0, 1, 1, 0, 0, 2): 1
(1, 0, 1, 2, 3, 0, 0, 2): 2
(0, 0, 1, 2, 1, 0, 0, 1): 2
total number of revisions: 5772
not only expression: 4097
with sth added: 5221
with sth removed: 1713
more than one change: 2209
removal and addition: 1165
total number of changes: 12479
added reactions: 5071
added transport: 372
added complex formation: 343
added expression: 4413
removed reactions: 943
removed transport: 42
removed complex formation 147
removed expression: 1148






err30:
removed_growth: 1
(2, 0, 0, 1, 1, 0, 0, 1): 6
(1, 0, 0, 0, 1, 0, 0, 0): 150
(0, 0, 0, 0, 1, 0, 0, 0): 374
(4, 0, 1, 6, 1, 0, 0, 0): 2
(0, 0, 0, 2, 0, 0, 1, 0): 1
(1, 0, 1, 4, 0, 0, 0, 1): 2
(5, 0, 1, 9, 1, 0, 0, 0): 1
(2, 0, 0, 0, 1, 0, 0, 2): 1
(3, 3, 0, 2, 0, 2, 2, 1): 7
(0, 1, 0, 0, 1, 0, 0, 0): 8
(7, 0, 0, 6, 2, 0, 0, 2): 3
(2, 0, 0, 1, 1, 0, 0, 0): 18
(4, 0, 0, 2, 1, 0, 1, 1): 1
(1, 1, 0, 1, 1, 0, 0, 0): 2
(4, 0, 0, 1, 0, 0, 0, 0): 14
(0, 1, 0, 2, 0, 0, 0, 1): 1
(6, 2, 0, 3, 1, 0, 0, 0): 3
(2, 0, 0, 3, 2, 0, 1, 1): 2
(5, 0, 0, 2, 0, 0, 0, 0): 9
(8, 0, 0, 4, 3, 0, 1, 0): 6
(3, 0, 1, 3, 0, 0, 0, 0): 1
(0, 1, 0, 0, 0, 0, 0, 3): 1
(4, 2, 0, 3, 0, 0, 2, 1): 2
(4, 0, 0, 3, 1, 0, 0, 0): 1
(0, 0, 0, 0, 0, 2, 0, 0): 3
(4, 0, 0, 4, 1, 0, 0, 1): 9
(1, 0, 0, 1, 2, 0, 1, 1): 1
(9, 1, 1, 8, 2, 0, 0, 0): 2
(0, 0, 0, 0, 0, 1, 0, 1): 2
(0, 0, 0, 1, 2, 0, 0, 0): 3
(1, 0, 1, 2, 1, 0, 0, 1): 3
(4, 2, 0, 7, 0, 0, 0, 0): 9
(5, 0, 0, 2, 3, 0, 0, 0): 1
(7, 2, 1, 8, 1, 0, 0, 0): 1
(4, 0, 1, 5, 2, 0, 0, 0): 1
(1, 1, 0, 1, 2, 0, 0, 0): 3
(0, 0, 0, 0, 0, 0, 0, 2): 6
(3, 0, 0, 1, 1, 0, 0, 0): 8
(1, 0, 1, 1, 2, 0, 0, 1): 1
(0, 1, 0, 0, 0, 2, 0, 0): 1
(0, 0, 2, 2, 0, 0, 0, 1): 1
(2, 0, 0, 0, 0, 0, 0, 0): 21
(1, 0, 0, 0, 3, 0, 0, 3): 1
(0, 0, 1, 4, 0, 0, 1, 4): 1
(2, 0, 0, 3, 1, 0, 0, 0): 14
(2, 0, 0, 0, 1, 0, 0, 0): 23
(1, 0, 0, 1, 1, 0, 0, 2): 5
(6, 1, 0, 3, 0, 0, 0, 1): 9
(0, 0, 0, 0, 4, 0, 0, 0): 2
(0, 0, 0, 0, 0, 0, 2, 1): 3
(5, 1, 0, 4, 1, 0, 0, 0): 3
(0, 2, 0, 0, 0, 0, 0, 0): 1
(1, 0, 0, 3, 2, 0, 0, 2): 1
(1, 0, 0, 3, 1, 0, 0, 0): 1
(1, 0, 1, 1, 1, 0, 0, 2): 1
(5, 2, 0, 4, 0, 1, 1, 1): 1
(0, 0, 0, 1, 1, 0, 1, 1): 1
(3, 0, 0, 4, 0, 0, 0, 0): 3
(0, 1, 0, 0, 0, 0, 0, 1): 3
(2, 0, 1, 2, 3, 0, 0, 2): 1
(0, 1, 0, 1, 0, 0, 0, 0): 8
(1, 0, 1, 3, 0, 0, 0, 0): 2
(1, 0, 0, 2, 3, 0, 1, 1): 1
(3, 0, 0, 0, 2, 0, 0, 0): 2
(0, 0, 0, 1, 3, 0, 0, 2): 1
(1, 0, 1, 2, 0, 0, 0, 1): 3
(1, 0, 0, 0, 1, 0, 0, 3): 3
(5, 2, 0, 5, 1, 0, 0, 0): 2
(3, 0, 0, 0, 1, 0, 0, 0): 5
(0, 0, 0, 1, 0, 0, 0, 1): 202
(1, 0, 0, 0, 2, 0, 0, 2): 1
(1, 0, 0, 1, 3, 1, 0, 1): 1
(0, 0, 0, 0, 0, 0, 0, 0): 1
(0, 0, 0, 0, 0, 0, 3, 1): 2
(1, 0, 0, 1, 2, 0, 0, 1): 2
(0, 0, 0, 0, 2, 0, 0, 1): 3
(1, 0, 1, 2, 1, 0, 0, 0): 1
(3, 0, 0, 2, 0, 0, 0, 0): 10
(4, 0, 0, 2, 1, 0, 0, 0): 13
(0, 1, 0, 2, 1, 0, 0, 0): 2
(0, 0, 1, 2, 0, 0, 0, 0): 6
(2, 1, 0, 2, 1, 0, 0, 1): 1
(1, 0, 0, 4, 1, 0, 0, 0): 3
(6, 0, 0, 6, 1, 0, 0, 0): 9
(0, 0, 0, 0, 1, 0, 1, 0): 1
(0, 0, 1, 3, 0, 0, 0, 1): 2
(0, 0, 0, 2, 0, 0, 0, 2): 2
(1, 0, 1, 1, 1, 0, 0, 0): 2
(3, 0, 1, 4, 1, 0, 0, 0): 2
(7, 0, 0, 8, 1, 0, 2, 2): 3
(0, 0, 1, 1, 1, 0, 0, 1): 3
(0, 1, 0, 0, 1, 0, 0, 1): 1
(2, 0, 0, 2, 0, 0, 0, 0): 25
(3, 0, 1, 2, 1, 0, 0, 2): 3
(1, 0, 0, 0, 0, 0, 0, 0): 830
(3, 0, 0, 2, 1, 0, 1, 1): 1
(0, 1, 0, 0, 0, 1, 0, 0): 4
(5, 0, 1, 8, 0, 0, 0, 0): 3
(3, 0, 0, 2, 1, 1, 0, 0): 5
(0, 0, 0, 1, 1, 0, 0, 1): 20
(8, 1, 1, 9, 2, 0, 0, 0): 1
(1, 0, 0, 2, 2, 0, 1, 1): 1
(4, 0, 0, 6, 1, 0, 0, 0): 1
(6, 2, 1, 10, 0, 0, 0, 0): 2
(4, 2, 0, 7, 0, 0, 2, 0): 1
(5, 1, 0, 5, 0, 0, 0, 0): 6
(1, 0, 0, 0, 0, 0, 0, 1): 21
(0, 0, 0, 1, 0, 1, 0, 0): 2
(4, 0, 0, 1, 2, 0, 0, 0): 1
(4, 0, 0, 2, 0, 0, 0, 0): 8
(1, 0, 0, 0, 2, 0, 0, 0): 13
(3, 0, 0, 4, 1, 0, 0, 0): 1
(0, 0, 1, 2, 1, 0, 0, 2): 1
(0, 0, 0, 1, 0, 0, 1, 1): 2
(1, 0, 1, 0, 0, 0, 1, 0): 1
(0, 0, 1, 1, 0, 0, 0, 1): 15
(0, 0, 0, 0, 1, 1, 0, 0): 2
(1, 0, 1, 1, 0, 0, 0, 0): 2
(2, 0, 0, 0, 2, 0, 0, 1): 1
(0, 0, 1, 0, 0, 0, 0, 0): 6
(3, 0, 0, 1, 3, 0, 0, 1): 2
(1, 1, 0, 0, 0, 0, 0, 0): 2
(2, 0, 0, 1, 0, 0, 0, 1): 8
(1, 0, 0, 1, 1, 0, 1, 0): 1
(5, 0, 1, 7, 2, 0, 1, 0): 1
(4, 3, 0, 4, 0, 1, 1, 1): 1
(3, 0, 0, 3, 0, 0, 0, 0): 7
(5, 0, 1, 8, 1, 0, 1, 0): 5
(2, 0, 0, 1, 0, 0, 0, 2): 1
(0, 0, 0, 0, 0, 1, 0, 2): 1
(2, 0, 1, 2, 3, 0, 0, 1): 2
(1, 0, 0, 0, 2, 0, 0, 1): 1
(0, 0, 0, 2, 1, 0, 0, 1): 1
(4, 2, 1, 4, 0, 0, 1, 0): 3
(1, 0, 1, 3, 1, 0, 0, 2): 1
(0, 0, 0, 0, 3, 0, 0, 0): 1
(1, 0, 0, 0, 1, 0, 0, 1): 8
(3, 0, 0, 5, 2, 1, 0, 0): 1
(2, 0, 0, 1, 2, 0, 0, 0): 1
(4, 1, 0, 5, 0, 0, 0, 0): 2
(0, 1, 1, 0, 0, 0, 0, 0): 3
(5, 1, 0, 5, 2, 0, 0, 0): 1
(0, 1, 0, 0, 0, 2, 3, 1): 1
(1, 0, 0, 1, 0, 0, 0, 2): 4
(1, 0, 0, 1, 0, 0, 0, 0): 398
(5, 1, 0, 7, 0, 0, 0, 0): 1
(1, 0, 0, 2, 0, 0, 0, 1): 4
(9, 2, 0, 8, 1, 0, 1, 1): 3
(0, 0, 1, 3, 0, 0, 0, 2): 4
(4, 0, 0, 0, 0, 0, 0, 0): 6
(6, 1, 0, 3, 1, 0, 0, 0): 3
(8, 2, 0, 10, 1, 0, 0, 1): 5
(0, 2, 0, 0, 1, 1, 0, 0): 1
(2, 0, 0, 2, 2, 0, 0, 1): 3
(5, 0, 1, 10, 0, 0, 0, 0): 2
(2, 0, 0, 2, 5, 0, 1, 2): 1
(1, 0, 0, 2, 0, 0, 0, 0): 3
(4, 3, 0, 3, 1, 1, 1, 1): 1
(3, 0, 0, 1, 1, 0, 0, 1): 1
(0, 0, 0, 0, 0, 0, 1, 1): 2
(0, 1, 0, 1, 1, 0, 0, 1): 1
(4, 2, 0, 3, 1, 2, 0, 1): 1
(0, 0, 0, 0, 0, 1, 0, 0): 17
(0, 0, 0, 2, 0, 0, 0, 1): 21
(0, 0, 0, 1, 0, 0, 0, 2): 12
(2, 0, 1, 3, 1, 0, 0, 1): 1
(0, 0, 0, 0, 0, 0, 0, 3): 2
(2, 0, 0, 2, 0, 0, 0, 1): 1
(6, 2, 0, 4, 0, 0, 0, 0): 9
(0, 0, 0, 0, 1, 0, 0, 1): 19
(3, 0, 0, 0, 3, 0, 0, 0): 1
(1, 0, 0, 0, 3, 0, 0, 0): 2
(2, 0, 0, 0, 1, 0, 0, 1): 2
(8, 2, 0, 9, 2, 0, 0, 1): 4
(1, 0, 0, 2, 1, 0, 0, 1): 1
(5, 0, 0, 0, 1, 0, 0, 0): 1
(4, 0, 0, 0, 1, 0, 0, 0): 2
(8, 2, 1, 5, 0, 0, 0, 2): 1
(4, 0, 0, 5, 2, 0, 0, 0): 1
(2, 0, 0, 4, 0, 0, 0, 0): 3
(3, 0, 0, 6, 2, 0, 0, 0): 8
(1, 0, 0, 0, 2, 0, 1, 0): 1
(7, 0, 0, 2, 4, 0, 1, 1): 1
(1, 0, 1, 1, 0, 0, 0, 1): 1
(0, 1, 0, 0, 0, 0, 0, 0): 41
(0, 0, 0, 1, 0, 0, 0, 3): 1
(0, 1, 1, 2, 0, 0, 1, 1): 3
(3, 0, 0, 2, 1, 0, 1, 2): 1
(2, 0, 0, 1, 3, 1, 0, 1): 1
(2, 0, 0, 2, 1, 0, 0, 0): 8
(0, 0, 1, 0, 0, 0, 1, 0): 18
(1, 0, 0, 1, 0, 0, 1, 1): 4
(0, 0, 0, 2, 0, 0, 0, 3): 1
(4, 3, 0, 3, 1, 0, 4, 0): 1
(0, 0, 0, 1, 0, 0, 0, 0): 692
(1, 0, 0, 1, 0, 1, 0, 0): 4
(0, 0, 0, 0, 0, 0, 0, 1): 273
(1, 0, 1, 0, 1, 0, 1, 0): 1
(1, 0, 0, 1, 2, 0, 0, 2): 2
(8, 1, 1, 10, 1, 0, 0, 0): 1
(4, 0, 0, 1, 1, 0, 0, 0): 1
(1, 0, 0, 0, 3, 0, 0, 2): 2
(3, 0, 0, 4, 1, 0, 1, 1): 1
(0, 0, 1, 1, 0, 0, 1, 0): 1
(1, 0, 0, 1, 1, 0, 0, 1): 23
(3, 0, 1, 3, 0, 0, 0, 2): 3
(0, 0, 0, 1, 0, 0, 2, 1): 4
(4, 0, 0, 5, 1, 1, 0, 0): 1
(0, 0, 0, 0, 0, 0, 2, 0): 1
(5, 0, 0, 4, 0, 0, 1, 0): 3
(1, 0, 1, 4, 1, 0, 0, 1): 2
(3, 0, 0, 1, 3, 0, 0, 2): 1
(1, 0, 2, 0, 0, 0, 1, 0): 1
(4, 0, 0, 5, 0, 0, 0, 0): 4
(3, 0, 0, 4, 0, 0, 0, 1): 1
(0, 0, 1, 1, 1, 0, 0, 0): 4
(4, 0, 0, 3, 0, 0, 0, 0): 7
(1, 0, 1, 3, 2, 0, 0, 2): 3
(4, 0, 0, 4, 0, 0, 0, 0): 5
(1, 0, 0, 1, 2, 0, 0, 0): 7
(1, 0, 1, 3, 0, 0, 0, 1): 2
(0, 1, 0, 0, 0, 1, 0, 1): 1
(1, 0, 1, 2, 0, 0, 0, 0): 2
(7, 2, 1, 9, 0, 0, 0, 0): 2
(3, 1, 1, 4, 0, 1, 2, 1): 1
(2, 0, 0, 1, 0, 0, 0, 0): 18
(1, 0, 1, 3, 2, 0, 0, 3): 3
(3, 0, 0, 3, 1, 0, 0, 0): 1
(1, 0, 1, 3, 0, 0, 1, 3): 1
(2, 0, 0, 0, 0, 0, 0, 1): 1
(2, 0, 0, 0, 2, 0, 0, 0): 7
(6, 0, 0, 5, 0, 0, 0, 0): 4
(0, 0, 0, 0, 2, 0, 0, 0): 27
(0, 0, 0, 1, 0, 1, 0, 1): 1
(1, 0, 0, 1, 0, 0, 0, 1): 73
(1, 0, 0, 0, 3, 0, 0, 4): 1
(1, 0, 0, 2, 1, 0, 0, 0): 3
(6, 2, 1, 9, 1, 0, 0, 0): 1
(0, 0, 1, 2, 0, 0, 0, 1): 14
(2, 0, 0, 2, 2, 0, 0, 2): 1
(7, 0, 0, 9, 0, 0, 2, 2): 3
(5, 1, 0, 6, 1, 0, 0, 0): 4
(5, 0, 0, 5, 1, 0, 0, 0): 8
(7, 2, 0, 4, 0, 0, 0, 2): 6
(9, 2, 0, 9, 0, 0, 1, 1): 6
(4, 2, 0, 4, 0, 2, 0, 1): 1
(5, 2, 0, 3, 1, 0, 0, 0): 6
(6, 1, 0, 4, 2, 0, 0, 0): 1
(4, 1, 0, 3, 0, 0, 2, 0): 4
(1, 0, 0, 1, 1, 0, 0, 0): 44
(0, 0, 1, 1, 0, 0, 0, 2): 3
(1, 0, 0, 1, 1, 0, 1, 1): 3
(5, 0, 0, 5, 0, 0, 0, 0): 3
(0, 0, 1, 2, 1, 0, 0, 0): 3
(0, 1, 1, 2, 0, 0, 0, 0): 1
(0, 0, 1, 1, 3, 0, 0, 1): 1
(7, 2, 1, 9, 1, 0, 0, 2): 3
(0, 0, 1, 0, 1, 0, 1, 0): 3
(0, 0, 1, 0, 0, 0, 2, 0): 1
(3, 0, 0, 2, 3, 0, 1, 1): 1
(9, 1, 1, 9, 1, 0, 0, 0): 2
(1, 0, 0, 0, 0, 1, 0, 0): 1
(3, 0, 0, 2, 1, 0, 0, 0): 5
(0, 0, 0, 1, 1, 0, 0, 0): 6
(1, 0, 1, 2, 2, 0, 0, 3): 1
(0, 1, 0, 0, 0, 0, 1, 0): 1
(4, 2, 0, 6, 0, 0, 3, 0): 1
(1, 1, 0, 2, 0, 0, 0, 0): 1
(2, 0, 0, 1, 1, 0, 0, 2): 1
(0, 1, 1, 1, 0, 0, 0, 0): 12
(3, 0, 0, 1, 0, 0, 0, 0): 22
(1, 0, 0, 1, 0, 0, 2, 1): 1
(1, 0, 0, 0, 0, 0, 0, 2): 2
(1, 0, 0, 1, 0, 0, 0, 3): 1
(2, 0, 0, 1, 2, 0, 0, 1): 2
(1, 1, 0, 0, 1, 0, 0, 0): 1
(1, 0, 1, 2, 1, 0, 0, 2): 3
(3, 0, 0, 0, 0, 0, 0, 0): 1
(0, 0, 0, 1, 0, 0, 1, 0): 3
(4, 0, 0, 3, 1, 0, 1, 2): 1
(1, 0, 1, 0, 0, 0, 1, 1): 1
(4, 0, 0, 0, 0, 0, 0, 1): 6
(7, 2, 0, 4, 1, 0, 0, 0): 3
(2, 0, 0, 2, 1, 0, 0, 1): 3
(1, 1, 0, 1, 0, 0, 0, 2): 1
(9, 2, 1, 4, 0, 0, 0, 2): 2
(0, 0, 1, 1, 0, 0, 0, 0): 25
(5, 2, 0, 4, 0, 0, 4, 0): 3
(4, 1, 0, 2, 0, 1, 2, 0): 5
(0, 0, 0, 2, 0, 1, 0, 1): 1
(0, 0, 0, 0, 0, 0, 1, 0): 9
(3, 0, 0, 2, 2, 0, 0, 0): 4
(0, 1, 0, 1, 1, 0, 0, 0): 3
(4, 1, 1, 4, 0, 0, 0, 0): 1
(4, 2, 0, 4, 0, 0, 1, 1): 1
(4, 2, 0, 3, 0, 2, 1, 1): 1
(4, 2, 0, 2, 0, 2, 2, 1): 1
(0, 0, 0, 1, 1, 0, 0, 2): 3
(0, 0, 1, 2, 1, 0, 0, 1): 2
(1, 0, 1, 2, 2, 0, 0, 2): 2
total number of revisions: 4196
not only expression: 2983
with sth added: 3445
with sth removed: 1952
more than one change: 1953
removal and addition: 1202
total number of changes: 10741
added reactions: 3871
added transport: 356
added complex formation: 228
added expression: 3595
removed reactions: 1281
removed transport: 87
removed complex formation 207
removed expression: 1116





err60:
(0, 0, 0, 0, 0, 0, 3, 1): 1
(1, 0, 0, 0, 1, 0, 0, 0): 181
(0, 0, 0, 0, 1, 0, 0, 0): 446
(1, 0, 0, 2, 3, 0, 0, 1): 1
(4, 0, 1, 6, 1, 0, 0, 0): 1
(2, 0, 0, 1, 3, 0, 0, 1): 1
(0, 2, 0, 0, 0, 0, 0, 0): 3
(5, 0, 1, 9, 1, 0, 0, 0): 2
(1, 0, 0, 1, 1, 0, 0, 2): 1
(3, 3, 0, 2, 0, 2, 2, 1): 3
(0, 0, 1, 1, 0, 0, 0, 2): 4
(4, 0, 0, 2, 0, 0, 0, 0): 8
(8, 2, 0, 10, 1, 0, 0, 1): 3
(3, 0, 0, 2, 3, 0, 1, 1): 1
(2, 0, 0, 1, 1, 0, 0, 0): 11
(1, 0, 1, 4, 1, 0, 0, 2): 2
(0, 0, 0, 1, 1, 0, 1, 1): 1
(6, 1, 0, 5, 1, 0, 0, 0): 2
(2, 0, 0, 2, 2, 0, 0, 0): 3
(1, 0, 0, 2, 2, 0, 1, 1): 1
(3, 0, 0, 4, 0, 0, 0, 0): 5
(3, 0, 0, 2, 2, 0, 1, 1): 3
(8, 0, 0, 4, 3, 0, 1, 0): 6
(1, 0, 1, 1, 0, 0, 0, 0): 2
(3, 0, 0, 2, 2, 0, 0, 0): 8
(2, 0, 0, 2, 2, 0, 1, 1): 2
(4, 0, 0, 4, 1, 0, 0, 1): 9
(4, 0, 1, 2, 2, 0, 0, 0): 2
(1, 0, 0, 1, 2, 0, 1, 1): 1
(0, 0, 1, 0, 0, 0, 1, 1): 2
(0, 0, 0, 0, 0, 1, 0, 1): 1
(1, 0, 1, 2, 1, 0, 0, 1): 1
(4, 2, 0, 7, 0, 0, 0, 0): 9
(0, 0, 0, 0, 2, 1, 0, 0): 3
(3, 0, 0, 1, 1, 0, 0, 0): 1
(7, 2, 1, 8, 1, 0, 0, 0): 1
(0, 0, 0, 0, 0, 0, 0, 2): 5
(1, 0, 1, 0, 1, 0, 1, 1): 1
(0, 1, 0, 1, 0, 0, 0, 0): 2
(3, 0, 0, 3, 0, 0, 0, 0): 5
(1, 0, 0, 1, 3, 0, 0, 1): 2
(0, 0, 0, 1, 1, 0, 0, 0): 14
(0, 1, 0, 0, 1, 0, 1, 1): 1
(2, 0, 0, 0, 1, 0, 0, 0): 18
(5, 0, 1, 4, 0, 0, 0, 0): 1
(6, 1, 0, 3, 0, 0, 0, 1): 9
(1, 1, 0, 0, 0, 0, 0, 1): 1
(0, 0, 0, 0, 0, 0, 2, 1): 1
(5, 1, 0, 4, 1, 0, 0, 0): 3
(0, 1, 0, 2, 1, 0, 0, 1): 1
(1, 0, 0, 1, 1, 0, 0, 1): 22
(4, 2, 0, 3, 0, 2, 1, 1): 1
(1, 0, 0, 0, 4, 1, 0, 3): 1
(1, 0, 0, 1, 1, 0, 2, 1): 2
(5, 0, 0, 2, 0, 0, 0, 0): 9
(4, 1, 0, 5, 0, 0, 0, 0): 1
(1, 0, 1, 3, 0, 0, 0, 0): 3
(1, 0, 1, 2, 0, 0, 0, 1): 1
(0, 0, 0, 2, 0, 0, 0, 2): 5
(3, 0, 0, 0, 1, 0, 0, 0): 1
(0, 0, 0, 1, 0, 0, 0, 1): 236
(0, 0, 0, 1, 2, 1, 0, 1): 1
(1, 0, 0, 1, 2, 0, 0, 1): 4
(0, 0, 0, 0, 2, 0, 0, 1): 2
(1, 0, 1, 2, 1, 0, 0, 0): 1
(0, 0, 0, 0, 0, 1, 1, 1): 2
(4, 0, 0, 2, 1, 0, 0, 0): 14
(1, 0, 0, 2, 1, 0, 0, 2): 1
(4, 3, 0, 4, 0, 0, 4, 0): 1
(2, 0, 1, 3, 0, 0, 0, 0): 1
(0, 0, 0, 0, 3, 1, 0, 0): 1
(2, 0, 0, 2, 1, 0, 0, 0): 4
(1, 0, 0, 1, 2, 0, 2, 1): 1
(4, 2, 0, 2, 1, 2, 1, 1): 1
(4, 0, 0, 6, 2, 0, 0, 0): 1
(1, 0, 0, 2, 1, 0, 0, 0): 3
(2, 0, 0, 2, 0, 0, 0, 0): 27
(7, 0, 0, 8, 1, 0, 2, 2): 4
(4, 3, 0, 4, 0, 1, 1, 1): 1
(1, 0, 0, 0, 0, 0, 1, 0): 1
(3, 0, 1, 2, 1, 0, 0, 2): 3
(1, 0, 0, 0, 0, 0, 0, 0): 418
(0, 1, 0, 0, 0, 1, 0, 0): 3
(3, 0, 0, 2, 1, 1, 0, 0): 3
(0, 0, 0, 1, 1, 0, 0, 1): 13
(0, 0, 0, 0, 0, 0, 0, 3): 1
(4, 0, 0, 6, 1, 0, 0, 0): 2
(1, 0, 0, 0, 1, 0, 0, 3): 1
(6, 2, 0, 3, 1, 0, 0, 0): 3
(5, 1, 0, 5, 0, 0, 0, 0): 6
(5, 0, 0, 5, 0, 0, 0, 0): 4
(1, 0, 0, 0, 4, 1, 0, 2): 1
(3, 0, 0, 0, 2, 0, 0, 0): 1
(2, 0, 0, 0, 0, 0, 0, 0): 9
(1, 0, 0, 0, 2, 0, 0, 0): 13
(1, 0, 0, 0, 5, 1, 0, 3): 1
(1, 0, 0, 2, 0, 0, 0, 3): 1
(0, 0, 0, 1, 0, 0, 1, 1): 11
(1, 0, 1, 0, 0, 0, 1, 0): 1
(5, 0, 1, 8, 0, 0, 0, 0): 3
(0, 0, 1, 2, 0, 0, 0, 2): 4
(1, 0, 0, 0, 0, 0, 0, 1): 15
(2, 0, 0, 2, 1, 0, 0, 2): 3
(1, 1, 0, 1, 0, 0, 0, 1): 1
(0, 0, 1, 0, 0, 0, 0, 0): 1
(3, 0, 0, 4, 1, 0, 0, 0): 2
(0, 0, 1, 1, 0, 0, 0, 1): 5
(1, 0, 0, 1, 1, 0, 1, 0): 1
(5, 0, 1, 7, 2, 0, 1, 0): 2
(4, 2, 0, 4, 0, 2, 0, 1): 1
(0, 0, 0, 0, 6, 1, 0, 0): 1
(4, 0, 0, 7, 1, 0, 0, 0): 1
(5, 0, 1, 8, 1, 0, 1, 0): 2
(5, 2, 0, 4, 2, 0, 0, 0): 1
(2, 0, 0, 3, 1, 0, 1, 1): 3
(0, 0, 0, 2, 1, 0, 0, 1): 2
(0, 0, 1, 1, 1, 0, 1, 1): 1
(4, 2, 1, 4, 0, 0, 1, 0): 2
(4, 1, 0, 2, 1, 0, 2, 0): 1
(2, 0, 0, 1, 1, 0, 0, 1): 10
(1, 0, 0, 2, 2, 0, 0, 1): 1
(0, 0, 1, 3, 0, 0, 0, 1): 1
(7, 0, 0, 6, 2, 0, 0, 2): 3
(0, 1, 1, 0, 0, 0, 0, 0): 1
(3, 0, 0, 2, 1, 0, 0, 0): 4
(2, 0, 0, 0, 0, 0, 0, 2): 1
(1, 0, 0, 0, 5, 0, 0, 3): 1
(1, 0, 0, 1, 0, 0, 0, 0): 204
(5, 2, 0, 3, 1, 0, 0, 0): 7
(2, 0, 0, 3, 0, 0, 0, 1): 1
(9, 2, 0, 8, 1, 0, 1, 1): 3
(4, 0, 0, 0, 0, 0, 0, 0): 6
(6, 1, 0, 3, 1, 0, 0, 0): 2
(2, 0, 0, 0, 4, 0, 0, 0): 1
(2, 0, 0, 1, 2, 1, 0, 1): 2
(0, 0, 1, 1, 0, 0, 1, 1): 4
(3, 0, 0, 1, 2, 0, 0, 1): 1
(5, 0, 1, 10, 0, 0, 0, 0): 3
(1, 0, 0, 2, 0, 0, 0, 0): 1
(0, 0, 2, 0, 0, 0, 2, 1): 1
(0, 0, 1, 2, 0, 0, 1, 0): 1
(0, 0, 0, 0, 0, 0, 1, 1): 1
(4, 0, 0, 4, 1, 0, 0, 0): 3
(0, 1, 0, 1, 1, 0, 0, 1): 1
(1, 0, 0, 1, 2, 0, 1, 0): 1
(1, 0, 0, 0, 0, 2, 0, 1): 1
(0, 0, 0, 0, 2, 0, 1, 0): 1
(1, 0, 0, 0, 1, 0, 0, 1): 12
(0, 0, 0, 0, 0, 1, 0, 0): 18
(0, 0, 0, 2, 0, 0, 0, 1): 18
(9, 1, 1, 8, 2, 0, 0, 0): 3
(0, 0, 0, 1, 0, 0, 0, 2): 22
(1, 0, 1, 4, 1, 0, 0, 3): 1
(3, 1, 1, 4, 0, 1, 2, 1): 4
(0, 0, 2, 3, 0, 0, 0, 3): 1
(7, 2, 0, 3, 1, 0, 0, 2): 4
(6, 2, 0, 4, 0, 0, 0, 0): 9
(0, 0, 0, 0, 1, 0, 0, 1): 18
(4, 3, 0, 4, 1, 0, 1, 1): 1
(0, 0, 1, 0, 0, 0, 3, 1): 2
(2, 0, 0, 1, 3, 0, 0, 0): 1
(0, 0, 0, 0, 3, 0, 0, 0): 5
(8, 2, 0, 9, 2, 0, 0, 1): 6
(1, 0, 0, 2, 1, 0, 0, 1): 8
(2, 0, 0, 1, 0, 0, 0, 1): 5
(4, 0, 0, 0, 1, 0, 0, 0): 2
(1, 0, 0, 4, 1, 0, 0, 0): 3
(1, 0, 0, 2, 1, 0, 1, 1): 2
(6, 0, 0, 6, 1, 0, 0, 0): 9
(8, 2, 1, 5, 0, 0, 0, 2): 1
(0, 1, 0, 2, 0, 0, 0, 2): 3
(4, 0, 0, 5, 2, 0, 0, 0): 1
(2, 0, 0, 4, 0, 0, 0, 0): 3
(3, 0, 0, 6, 2, 0, 0, 0): 6
(3, 0, 0, 5, 2, 1, 0, 0): 3
(1, 0, 1, 1, 0, 0, 0, 1): 1
(0, 1, 0, 0, 0, 0, 0, 0): 24
(1, 0, 1, 1, 2, 0, 0, 0): 2
(0, 0, 1, 2, 0, 0, 1, 2): 1
(0, 1, 1, 2, 0, 1, 0, 0): 4
(2, 0, 1, 2, 0, 0, 0, 0): 1
(0, 0, 0, 1, 2, 0, 0, 1): 1
(1, 0, 1, 2, 1, 0, 0, 2): 1
(4, 0, 0, 1, 1, 0, 0, 0): 1
(0, 0, 0, 1, 0, 0, 0, 0): 427
(1, 0, 0, 1, 0, 1, 0, 0): 8
(1, 0, 0, 0, 3, 0, 0, 0): 2
(0, 0, 0, 0, 0, 0, 0, 1): 349
(1, 0, 0, 1, 2, 0, 0, 2): 1
(0, 0, 0, 0, 1, 0, 0, 3): 1
(1, 0, 1, 3, 1, 0, 0, 0): 2
(1, 0, 0, 1, 3, 0, 0, 2): 1
(3, 0, 0, 4, 1, 0, 1, 1): 1
(0, 0, 1, 1, 0, 0, 1, 0): 1
(2, 0, 0, 0, 1, 0, 0, 1): 8
(3, 0, 1, 3, 0, 0, 0, 2): 3
(0, 0, 0, 0, 1, 1, 0, 0): 2
(1, 1, 0, 0, 0, 1, 0, 0): 1
(0, 0, 0, 0, 0, 0, 2, 0): 1
(5, 0, 0, 4, 0, 0, 1, 0): 3
(0, 1, 0, 2, 1, 0, 0, 0): 3
(0, 0, 0, 0, 1, 0, 1, 1): 1
(0, 0, 0, 0, 0, 1, 3, 1): 1
(1, 0, 0, 1, 2, 0, 0, 0): 7
(4, 0, 0, 5, 0, 0, 0, 0): 3
(2, 0, 0, 1, 0, 0, 0, 0): 12
(4, 0, 0, 4, 0, 0, 0, 0): 4
(1, 0, 1, 3, 0, 0, 0, 1): 1
(3, 0, 0, 1, 0, 0, 0, 1): 2
(0, 1, 0, 0, 0, 1, 0, 1): 3
(5, 2, 0, 3, 1, 1, 1, 1): 1
(7, 2, 1, 9, 0, 0, 0, 0): 2
(2, 0, 0, 1, 2, 0, 0, 0): 1
(3, 0, 0, 3, 1, 0, 0, 0): 1
(2, 0, 0, 0, 2, 0, 0, 0): 4
(4, 0, 0, 3, 0, 0, 0, 0): 3
(0, 0, 0, 0, 2, 0, 0, 0): 35
(0, 0, 0, 0, 0, 1, 1, 0): 2
(1, 0, 0, 1, 0, 0, 0, 1): 44
(1, 0, 0, 1, 0, 0, 0, 2): 6
(1, 0, 0, 2, 0, 0, 0, 2): 1
(0, 0, 0, 1, 0, 0, 1, 2): 1
(2, 0, 0, 3, 1, 0, 0, 0): 16
(6, 2, 1, 9, 1, 0, 0, 0): 1
(0, 0, 1, 2, 0, 0, 0, 1): 6
(6, 0, 0, 5, 0, 0, 0, 0): 1
(7, 0, 0, 9, 0, 0, 2, 2): 2
(5, 1, 0, 6, 1, 0, 0, 0): 6
(5, 0, 0, 5, 1, 0, 0, 0): 11
(7, 2, 0, 4, 0, 0, 0, 2): 2
(9, 2, 0, 9, 0, 0, 1, 1): 6
(1, 1, 0, 1, 0, 0, 0, 0): 2
(4, 2, 0, 4, 0, 0, 1, 1): 1
(4, 1, 0, 3, 0, 0, 2, 0): 4
(0, 0, 0, 2, 0, 0, 1, 0): 1
(0, 1, 0, 0, 1, 0, 0, 0): 4
(1, 0, 0, 1, 1, 0, 1, 1): 1
(0, 0, 0, 0, 0, 2, 0, 0): 2
(2, 0, 0, 2, 1, 0, 0, 1): 1
(4, 3, 0, 4, 1, 0, 3, 0): 2
(2, 0, 0, 2, 1, 0, 1, 1): 2
(7, 2, 1, 9, 1, 0, 0, 2): 3
(4, 3, 0, 5, 0, 0, 3, 0): 1
(9, 1, 1, 9, 1, 0, 0, 0): 3
(1, 0, 0, 0, 0, 1, 0, 0): 2
(2, 0, 0, 2, 0, 0, 0, 1): 2
(4, 2, 0, 3, 0, 0, 2, 1): 3
(1, 0, 1, 3, 0, 1, 0, 0): 1
(4, 2, 0, 6, 0, 0, 3, 0): 1
(1, 0, 1, 1, 2, 0, 0, 1): 3
(2, 0, 0, 1, 1, 0, 0, 2): 4
(0, 1, 1, 1, 0, 0, 0, 0): 3
(3, 0, 0, 1, 0, 0, 0, 0): 23
(2, 0, 0, 1, 0, 0, 0, 2): 1
(3, 0, 0, 0, 2, 0, 0, 1): 1
(2, 0, 0, 1, 2, 0, 0, 1): 4
(1, 1, 0, 0, 1, 0, 0, 0): 2
(1, 0, 1, 4, 1, 0, 0, 0): 1
(4, 0, 0, 1, 0, 0, 0, 0): 13
(0, 0, 0, 1, 0, 0, 1, 0): 1
(1, 0, 0, 0, 0, 1, 0, 1): 3
(5, 2, 0, 4, 1, 0, 3, 0): 1
(4, 0, 0, 0, 0, 0, 0, 1): 5
(7, 2, 0, 4, 1, 0, 0, 0): 3
(4, 0, 2, 2, 3, 0, 1, 1): 1
(0, 0, 1, 3, 0, 0, 0, 2): 2
(2, 0, 0, 3, 1, 0, 1, 2): 1
(9, 2, 1, 4, 0, 0, 0, 2): 2
(0, 0, 1, 1, 0, 0, 0, 0): 6
(1, 0, 0, 1, 1, 0, 0, 0): 92
(1, 0, 0, 3, 2, 0, 0, 1): 1
(4, 1, 0, 2, 0, 1, 2, 0): 4
(2, 0, 0, 2, 4, 1, 0, 0): 1
(0, 0, 0, 0, 0, 0, 1, 0): 8
(2, 1, 0, 0, 1, 0, 0, 0): 1
(0, 1, 0, 1, 1, 0, 0, 0): 7
(2, 0, 0, 2, 2, 0, 0, 2): 1
(2, 0, 0, 4, 1, 0, 1, 3): 1
(4, 2, 0, 2, 0, 2, 2, 1): 2
(3, 0, 0, 2, 0, 0, 0, 0): 9
(6, 2, 1, 10, 0, 0, 0, 0): 2
total number of revisions: 3415
not only expression: 2352
with sth added: 2506
with sth removed: 2136
more than one change: 1724
removal and addition: 1227
total number of changes: 9607
added reactions: 3194
added transport: 313
added complex formation: 128
added expression: 3074
removed reactions: 1443
removed transport: 101
removed complex formation 193
removed expression: 1161
